254
599,403
584,406
10,-1
13,LB_Wall01.png
584,406
576,325
10,11
13,LB_Wall01.png
576,325
600,343
10,-1
13,LB_Wall01.png
576,325
406,325
11,-1
13,LB_Wall01.png
406,325
412,408
11,12
13,LB_Wall01.png
412,408
584,406
11,-1
13,LB_Wall01.png
412,408
392,407
12,-1
13,LB_Wall01.png
392,407
390,322
12,16
13,LB_Wall01.png
390,322
406,325
12,-1
13,LB_Wall01.png
668,325
662,390
17,-1
13,LB_Wall01.png
662,390
734,385
17,-1
13,LB_Wall01.png
734,385
724,319
17,-1
13,LB_Wall01.png
724,319
668,325
17,-1
13,LB_Wall01.png
390,322
390,190
16,-1
13,LB_Wall01.png
390,190
210,192
16,-1
13,LB_Wall01.png
210,192
208,308
16,-1
13,LB_Wall01.png
208,308
193,322
16,-1
13,LB_Wall01.png
193,322
194,384
14,16
13,LB_Wall01.png
194,384
216,483
16,-1
13,LB_Wall01.png
216,483
335,489
16,-1
13,LB_Wall01.png
335,489
345,487
16,-1
13,LB_Wall01.png
345,487
389,483
13,16
13,LB_Wall01.png
389,483
405,486
16,-1
13,LB_Wall01.png
405,486
392,407
16,-1
13,LB_Wall01.png
389,483
388,504
13,-1
13,LB_Wall01.png
388,504
350,504
8,13
13,LB_Wall01.png
350,504
345,487
13,-1
13,LB_Wall01.png
350,504
315,505
8,-1
13,LB_Wall01.png
315,505
307,564
8,-1
13,LB_Wall01.png
307,564
420,568
8,-1
13,LB_Wall01.png
420,568
420,510
8,-1
13,LB_Wall01.png
420,510
388,504
8,-1
13,LB_Wall01.png
266,433
318,434
16,-1
13,LB_Wall01.png
318,434
317,371
16,-1
13,LB_Wall01.png
317,371
267,372
15,16
13,LB_Wall01.png
267,372
266,433
16,-1
13,LB_Wall01.png
267,372
270,291
15,16
13,LB_Wall01.png
270,291
316,285
15,16
13,LB_Wall01.png
316,285
317,371
15,16
13,LB_Wall01.png
270,291
265,230
16,-1
13,LB_Wall01.png
265,230
315,233
16,-1
13,LB_Wall01.png
315,233
316,285
16,-1
13,LB_Wall01.png
193,322
175,325
14,-1
13,LB_Wall01.png
175,325
180,383
14,31
13,LB_Wall01.png
180,383
194,384
14,-1
13,LB_Wall01.png
180,383
128,385
31,-1
13,LB_Wall01.png
128,385
118,331
25,31
13,LB_Wall01.png
118,331
-33,330
25,-1
13,LB_Wall01.png
-33,330
-36,460
25,-1
13,LB_Wall01.png
-36,460
-34,473
25,-1
13,LB_Wall01.png
-34,473
-35,504
25,27
13,LB_Wall01.png
-35,504
-39,594
25,-1
13,LB_Wall01.png
-39,594
36,593
25,-1
13,LB_Wall01.png
36,593
86,594
22,25
13,LB_Wall01.png
86,594
138,594
25,-1
13,LB_Wall01.png
138,594
128,385
25,-1
13,LB_Wall01.png
36,593
34,615
22,-1
13,LB_Wall01.png
34,615
75,611
21,22
13,LB_Wall01.png
75,611
86,594
22,-1
13,LB_Wall01.png
-34,473
-59,476
27,-1
13,LB_Wall01.png
-59,476
-60,511
26,27
13,LB_Wall01.png
-60,511
-35,504
27,-1
13,LB_Wall01.png
7,405
5,446
25,-1
13,LB_Wall01.png
5,446
31,453
24,25
13,LB_Wall01.png
31,453
32,404
23,25
13,LB_Wall01.png
32,404
7,405
25,-1
13,LB_Wall01.png
32,404
76,407
23,25
13,LB_Wall01.png
76,407
74,448
23,25
13,LB_Wall01.png
74,448
31,453
23,25
13,LB_Wall01.png
5,446
4,478
24,25
13,LB_Wall01.png
4,478
26,478
24,25
13,LB_Wall01.png
26,478
31,453
24,25
13,LB_Wall01.png
4,478
0,528
25,-1
13,LB_Wall01.png
0,528
25,526
25,-1
13,LB_Wall01.png
25,526
26,478
25,-1
13,LB_Wall01.png
-60,511
-149,508
26,-1
13,LB_Wall01.png
-149,508
-145,476
26,28
13,LB_Wall01.png
-145,476
-59,476
26,-1
13,LB_Wall01.png
-149,508
-245,511
28,-1
13,LB_Wall01.png
-245,511
-244,424
28,-1
13,LB_Wall01.png
-244,424
-213,421
28,-1
13,LB_Wall01.png
-213,421
-213,375
28,-1
13,LB_Wall01.png
-213,375
-246,375
28,-1
13,LB_Wall01.png
-246,375
-245,270
28,-1
13,LB_Wall01.png
-245,270
-130,270
28,-1
13,LB_Wall01.png
-130,270
-145,476
28,-1
13,LB_Wall01.png
-191,467
-190,438
28,-1
13,LB_Wall01.png
-190,438
-159,436
28,-1
13,LB_Wall01.png
-159,436
-159,468
28,-1
13,LB_Wall01.png
-159,468
-191,467
28,-1
13,LB_Wall01.png
-205,334
-160,334
9,28
13,LB_Wall01.png
-160,334
-159,281
9,28
13,LB_Wall01.png
-159,281
-181,285
9,28
13,LB_Wall01.png
-181,285
-183,308
9,28
13,LB_Wall01.png
-183,308
-204,309
9,28
13,LB_Wall01.png
-204,309
-205,334
9,28
13,LB_Wall01.png
30,695
80,689
21,30
13,LB_Wall01.png
80,689
75,611
21,-1
13,LB_Wall01.png
30,695
34,615
21,-1
13,LB_Wall01.png
30,695
-40,693
30,-1
13,LB_Wall01.png
-40,693
-37,850
30,-1
13,LB_Wall01.png
-37,850
-74,851
30,-1
13,LB_Wall01.png
-74,851
-77,812
1,-1
13,LB_Wall01.png
-74,742
-117,742
2,-1
13,LB_Wall01.png
-117,742
-119,804
2,-1
13,LB_Wall01.png
-120,857
-148,858
30,-1
13,LB_Wall01.png
-148,858
-152,812
3,-1
13,LB_Wall01.png
-151,659
-196,661
4,-1
13,LB_Wall01.png
-196,661
-191,812
4,-1
13,LB_Wall01.png
-193,858
-223,858
30,-1
13,LB_Wall01.png
-223,858
-224,992
30,-1
13,LB_Wall01.png
-224,992
-189,989
30,-1
13,LB_Wall01.png
-189,989
-172,990
30,-1
13,LB_Wall01.png
-172,990
-122,987
29,30
13,LB_Wall01.png
-122,987
-60,986
30,-1
13,LB_Wall01.png
-60,986
-59,1028
30,-1
13,LB_Wall01.png
-59,1028
462,1029
30,-1
13,LB_Wall01.png
462,1029
466,957
30,-1
13,LB_Wall01.png
466,901
439,730
30,-1
13,LB_Wall01.png
439,730
360,698
30,-1
13,LB_Wall01.png
360,698
341,698
30,-1
13,LB_Wall01.png
341,698
280,689
20,30
13,LB_Wall01.png
280,689
80,689
30,-1
13,LB_Wall01.png
280,689
283,671
20,-1
13,LB_Wall01.png
283,671
338,674
7,20
13,LB_Wall01.png
338,674
341,698
20,-1
13,LB_Wall01.png
283,671
221,668
7,-1
13,LB_Wall01.png
221,668
221,603
7,-1
13,LB_Wall01.png
221,603
391,599
7,-1
13,LB_Wall01.png
391,599
394,680
7,-1
13,LB_Wall01.png
394,680
338,674
7,-1
13,LB_Wall01.png
-148,858
-193,858
3,30
13,LB_Wall01.png
-120,857
-74,851
1,30
13,LB_Wall01.png
-119,804
-120,857
1,-1
13,LB_Wall01.png
-77,812
-74,742
2,-1
13,LB_Wall01.png
-77,812
-119,804
1,2
13,LB_Wall01.png
-152,812
-151,659
4,-1
13,LB_Wall01.png
-191,812
-193,858
3,-1
13,LB_Wall01.png
-152,812
-191,812
3,4
13,LB_Wall01.png
-172,990
-172,1001
29,-1
13,LB_Wall01.png
-172,1001
-128,1003
5,29
13,LB_Wall01.png
-128,1003
-122,987
29,-1
13,LB_Wall01.png
-172,1001
-239,1000
5,-1
13,LB_Wall01.png
-239,1000
-240,1135
5,-1
13,LB_Wall01.png
-240,1135
-97,1124
5,-1
13,LB_Wall01.png
-97,1124
-97,1004
5,-1
13,LB_Wall01.png
-97,1004
-128,1003
5,-1
13,LB_Wall01.png
488,903
490,959
6,32
13,LB_Wall01.png
490,959
488,988
6,-1
13,LB_Wall01.png
488,988
567,994
6,-1
13,LB_Wall01.png
567,994
576,849
6,-1
13,LB_Wall01.png
576,849
500,848
6,-1
13,LB_Wall01.png
500,848
488,903
6,-1
13,LB_Wall01.png
-75,898
-77,935
18,30
13,LB_Wall01.png
-77,935
-35,929
18,30
13,LB_Wall01.png
-35,929
-36,890
18,30
13,LB_Wall01.png
-36,890
-75,898
18,30
13,LB_Wall01.png
51,935
51,981
1,30
13,LB_Wall01.png
51,981
114,980
1,30
13,LB_Wall01.png
114,980
107,923
1,30
13,LB_Wall01.png
107,923
51,935
1,30
13,LB_Wall01.png
172,920
171,973
30,-1
13,LB_Wall01.png
171,973
238,966
30,-1
13,LB_Wall01.png
238,966
228,913
30,-1
13,LB_Wall01.png
228,913
172,920
30,-1
13,LB_Wall01.png
293,918
295,965
30,-1
13,LB_Wall01.png
295,965
352,965
30,-1
13,LB_Wall01.png
352,965
348,913
30,-1
13,LB_Wall01.png
348,913
293,918
30,-1
13,LB_Wall01.png
366,818
367,860
19,30
13,LB_Wall01.png
367,860
403,860
19,30
13,LB_Wall01.png
403,860
405,809
19,30
13,LB_Wall01.png
405,809
366,818
19,30
13,LB_Wall01.png
355,746
358,784
0,30
13,LB_Wall01.png
358,784
391,784
0,30
13,LB_Wall01.png
391,784
391,748
0,30
13,LB_Wall01.png
391,748
355,746
0,30
13,LB_Wall01.png
267,754
266,794
30,-1
13,LB_Wall01.png
266,794
325,778
30,-1
13,LB_Wall01.png
325,778
324,745
30,-1
13,LB_Wall01.png
324,745
267,754
30,-1
13,LB_Wall01.png
122,746
124,794
30,-1
13,LB_Wall01.png
124,794
199,794
30,-1
13,LB_Wall01.png
199,794
199,748
30,-1
13,LB_Wall01.png
199,748
122,746
30,-1
13,LB_Wall01.png
-77,812
-119,804
2,1
13,LB_Wall01.png
-152,812
-191,812
4,3
13,LB_Wall01.png
600,343
599,403
10,17
13,LB_Wall01.png
584,406
576,325
11,10
13,LB_Wall01.png
406,325
412,408
12,11
13,LB_Wall01.png
388,504
350,504
13,8
13,LB_Wall01.png
193,322
194,384
16,14
13,LB_Wall01.png
392,407
390,322
16,12
13,LB_Wall01.png
345,487
389,483
16,13
13,LB_Wall01.png
600,343
594,222
17,-1
13,LB_Wall01.png
594,222
790,217
17,-1
13,LB_Wall01.png
790,217
796,477
17,-1
13,LB_Wall01.png
796,477
610,484
17,-1
13,LB_Wall01.png
610,484
599,403
17,-1
13,LB_Wall01.png
600,343
599,403
17,10
13,LB_Wall01.png
283,671
338,674
20,7
13,LB_Wall01.png
34,615
75,611
22,21
13,LB_Wall01.png
118,331
175,325
31,-1
13,LB_Wall01.png
36,593
86,594
25,22
13,LB_Wall01.png
-59,476
-60,511
27,26
13,LB_Wall01.png
-34,473
-35,504
27,25
13,LB_Wall01.png
-149,508
-145,476
28,26
13,LB_Wall01.png
-172,1001
-128,1003
29,5
13,LB_Wall01.png
30,695
80,689
30,21
13,LB_Wall01.png
341,698
280,689
30,20
13,LB_Wall01.png
466,957
466,901
30,32
13,LB_Wall01.png
-172,990
-122,987
30,29
13,LB_Wall01.png
-148,858
-193,858
30,3
13,LB_Wall01.png
-120,857
-74,851
30,1
13,LB_Wall01.png
128,385
118,331
31,25
13,LB_Wall01.png
175,325
180,383
31,14
13,LB_Wall01.png
317,371
267,372
16,15
13,LB_Wall01.png
267,372
270,291
16,15
13,LB_Wall01.png
270,291
316,285
16,15
13,LB_Wall01.png
316,285
317,371
16,15
13,LB_Wall01.png
5,446
31,453
25,24
13,LB_Wall01.png
31,453
32,404
25,23
13,LB_Wall01.png
32,404
76,407
25,23
13,LB_Wall01.png
76,407
74,448
25,23
13,LB_Wall01.png
74,448
31,453
25,23
13,LB_Wall01.png
5,446
4,478
25,24
13,LB_Wall01.png
4,478
26,478
25,24
13,LB_Wall01.png
26,478
31,453
25,24
13,LB_Wall01.png
-205,334
-160,334
28,9
13,LB_Wall01.png
-160,334
-159,281
28,9
13,LB_Wall01.png
-159,281
-181,285
28,9
13,LB_Wall01.png
-181,285
-183,308
28,9
13,LB_Wall01.png
-183,308
-204,309
28,9
13,LB_Wall01.png
-204,309
-205,334
28,9
13,LB_Wall01.png
-75,898
-77,935
30,18
13,LB_Wall01.png
-77,935
-35,929
30,18
13,LB_Wall01.png
-35,929
-36,890
30,18
13,LB_Wall01.png
-36,890
-75,898
30,18
13,LB_Wall01.png
51,935
51,981
30,1
13,LB_Wall01.png
51,981
114,980
30,1
13,LB_Wall01.png
114,980
107,923
30,1
13,LB_Wall01.png
107,923
51,935
30,1
13,LB_Wall01.png
366,818
367,860
30,19
13,LB_Wall01.png
367,860
403,860
30,19
13,LB_Wall01.png
403,860
405,809
30,19
13,LB_Wall01.png
405,809
366,818
30,19
13,LB_Wall01.png
355,746
358,784
30,0
13,LB_Wall01.png
358,784
391,784
30,0
13,LB_Wall01.png
391,784
391,748
30,0
13,LB_Wall01.png
391,748
355,746
30,0
13,LB_Wall01.png
490,959
466,957
32,-1
13,LB_Wall01.png
466,901
488,903
32,-1
13,LB_Wall01.png
488,903
490,959
32,6
13,LB_Wall01.png
466,957
466,901
32,30
13,LB_Wall01.png
33
4
174
175
176
173
3.8,10
#1d2630,#983e68
4
391,784
391,748
355,746
358,784
4
391,784
391,748
355,746
358,784
0
2
3,2,1
3,1,0
373.75,765.5
4
132
102
135
133
3.8,10
#1d2630,#983e68
4
-74,851
-77,812
-119,804
-120,857
4
-74,851
-77,812
-119,804
-120,857
0
2
3,1,0
3,2,1
-97.5,831
4
134
103
104
185
0,10
#1d2630,#983e68
4
-74,742
-117,742
-119,804
-77,812
4
-74,742
-117,742
-119,804
-77,812
0
2
3,2,0
0,2,1
-96.75,775
4
137
138
106
131
3.8,10
#1d2630,#983e68
4
-193,858
-148,858
-152,812
-191,812
4
-193,858
-148,858
-152,812
-191,812
0
2
1,0,2
0,3,2
-171,835
4
136
186
108
107
0,10
#1d2630,#983e68
4
-151,659
-196,661
-191,812
-152,812
4
-151,659
-196,661
-191,812
-152,812
0
2
3,2,1
0,3,1
-172.5,736
6
145
143
144
142
140
146
0,10
#1d2630,#983e68
6
-97,1004
-128,1003
-172,1001
-239,1000
-240,1135
-97,1124
6
-97,1004
-128,1003
-172,1001
-239,1000
-240,1135
-97,1124
0
4
5,4,2
5,2,1
1,0,5
4,3,2
-162.16666666666666,1044.5
6
149
147
148
152
151
150
0,10
#1d2630,#983e68
6
567,994
576,849
500,848
488,903
490,959
488,988
6
567,994
576,849
500,848
488,903
490,959
488,988
0
4
5,4,0
0,4,1
1,4,3
2,1,3
518.1666666666666,923.5
6
129
128
127
126
124
130
0,10
#1d2630,#983e68
6
394,680
338,674
283,671
221,668
221,603
391,599
6
394,680
338,674
283,671
221,668
221,603
391,599
0
4
2,3,4
5,2,4
1,2,5
1,5,0
308,649.1666666666666
6
29
28
27
25
31
30
0,10
#1d2630,#983e68
6
420,568
420,510
388,504
350,504
315,505
307,564
6
420,568
420,510
388,504
350,504
315,505
307,564
0
4
0,5,3
3,2,0
2,1,0
5,4,3
366.6666666666667,525.8333333333334
6
90
91
92
93
94
95
3.8,10
#1d2630,#983e68
6
-160,334
-159,281
-181,285
-183,308
-204,309
-205,334
6
-160,334
-159,281
-181,285
-183,308
-204,309
-205,334
0
4
0,5,3
0,3,1
1,3,2
5,4,3
-182,308.5
4
1
2
187
0
0,10
#1d2630,#983e68
4
576,325
600,343
599,403
584,406
4
576,325
600,343
599,403
584,406
0
2
1,3,0
2,3,1
589.75,369.25
4
5
4
3
188
0,10
#1d2630,#983e68
4
584,406
576,325
406,325
412,408
4
584,406
576,325
406,325
412,408
0
2
3,2,1
3,1,0
494.5,366
4
6
7
189
8
0,10
#1d2630,#983e68
4
392,407
390,322
406,325
412,408
4
392,407
390,322
406,325
412,408
0
2
0,1,2
0,2,3
400,365.5
4
24
26
190
21
0,10
#1d2630,#983e68
4
388,504
350,504
345,487
389,483
4
388,504
350,504
345,487
389,483
0
2
1,2,3
0,1,3
368,494.5
4
43
44
17
42
0,10
#1d2630,#983e68
4
180,383
194,384
193,322
175,325
4
180,383
194,384
193,322
175,325
0
2
0,3,2
0,2,1
185.5,353.5
4
34
36
37
38
3.8,10
#1d2630,#983e68
4
267,372
270,291
316,285
317,371
4
267,372
270,291
316,285
317,371
0
2
0,1,3
1,2,3
292.5,329.75
28
18
191
16
15
14
13
192
23
22
193
20
19
32
32
33
33
35
35
39
39
40
40
41
41
216
217
218
219
0,10
#1d2630,#983e68
12
216,483
335,489
345,487
389,483
405,486
392,407
390,322
390,190
210,192
208,308
193,322
194,384
20
216,483
335,489
345,487
389,483
405,486
392,407
390,322
390,190
210,192
208,308
193,322
194,384
266,433
318,434
317,371
316,285
315,233
265,230
270,291
267,372
1
8
266,433
318,434
317,371
316,285
315,233
265,230
270,291
267,372
20
11,10,19
12,11,19
0,11,12
0,12,1
12,13,1
1,13,2
2,13,3
3,13,5
3,5,4
13,14,5
14,6,5
14,15,6
6,15,16
6,16,7
7,16,8
16,17,8
9,8,17
9,17,18
19,9,18
10,9,19
305.5833333333333,379.4166666666667
14
198
199
194
195
196
197
9
9
10
10
11
11
12
12
0,10
#1d2630,#983e68
6
599,403
600,343
594,222
790,217
796,477
610,484
10
599,403
600,343
594,222
790,217
796,477
610,484
662,390
734,385
724,319
668,325
1
4
662,390
734,385
724,319
668,325
10
1,2,9
6,1,9
0,1,6
5,0,6
4,5,6
4,6,7
7,3,4
7,8,3
8,2,3
9,2,8
664.8333333333334,357.6666666666667
4
154
153
156
155
0,10
#1d2630,#983e68
4
-35,929
-36,890
-75,898
-77,935
4
-35,929
-36,890
-75,898
-77,935
0
2
3,2,0
2,1,0
-55.75,913
4
169
172
170
171
3.8,10
#1d2630,#983e68
4
367,860
403,860
405,809
366,818
4
367,860
403,860
405,809
366,818
0
2
1,0,3
2,1,3
385.25,836.75
4
121
123
200
125
0,10
#1d2630,#983e68
4
280,689
283,671
338,674
341,698
4
280,689
283,671
338,674
341,698
0
2
3,0,2
0,1,2
310.5,683
4
97
96
98
57
0,10
#1d2630,#983e68
4
75,611
34,615
30,695
80,689
4
75,611
34,615
30,695
80,689
0
2
2,1,3
1,0,3
54.75,652.5
4
56
53
58
201
0,10
#1d2630,#983e68
4
34,615
75,611
86,594
36,593
4
34,615
75,611
86,594
36,593
0
2
0,3,1
1,3,2
57.75,603.25
4
66
64
68
67
3.8,10
#1d2630,#983e68
4
76,407
74,448
31,453
32,404
4
76,407
74,448
31,453
32,404
0
2
2,3,1
1,3,0
53.25,428
4
71
70
69
63
3.8,10
#1d2630,#983e68
4
31,453
5,446
4,478
26,478
4
31,453
5,446
4,478
26,478
0
2
3,2,0
2,1,0
16.5,463.75
28
55
54
203
52
51
50
49
48
47
46
62
62
65
65
72
72
73
73
74
74
220
221
222
223
224
225
226
227
0,10
#1d2630,#983e68
10
128,385
118,331
-33,330
-36,460
-34,473
-35,504
-39,594
36,593
86,594
138,594
20
128,385
118,331
-33,330
-36,460
-34,473
-35,504
-39,594
36,593
86,594
138,594
0,528
25,526
26,478
31,453
74,448
76,407
32,404
7,405
5,446
4,478
1
10
0,528
25,526
26,478
31,453
74,448
76,407
32,404
7,405
5,446
4,478
20
7,6,10
7,10,11
8,7,11
8,11,14
9,8,14
9,14,0
0,14,15
0,15,1
15,16,1
16,2,1
17,2,16
17,3,2
18,3,17
18,19,3
19,4,3
5,4,19
10,5,19
6,5,10
14,11,12
14,12,13
32.9,485.8
4
75
77
60
76
0,10
#1d2630,#983e68
4
-149,508
-145,476
-59,476
-60,511
4
-149,508
-145,476
-59,476
-60,511
0
2
0,1,3
3,1,2
-103.25,492.75
4
61
204
59
205
0,10
#1d2630,#983e68
4
-35,504
-34,473
-59,476
-60,511
4
-35,504
-34,473
-59,476
-60,511
0
2
3,2,0
0,2,1
-47,491
23
78
79
80
81
82
83
84
85
206
86
86
87
87
88
88
89
89
228
229
230
231
232
233
0,10
#1d2630,#983e68
9
-245,511
-244,424
-213,421
-213,375
-246,375
-245,270
-130,270
-145,476
-149,508
19
-245,511
-244,424
-213,421
-213,375
-246,375
-245,270
-130,270
-145,476
-149,508
-191,467
-190,438
-159,436
-159,468
-160,334
-159,281
-181,285
-183,308
-204,309
-205,334
2
4
-191,467
-190,438
-159,436
-159,468
6
-160,334
-159,281
-181,285
-183,308
-204,309
-205,334
21
3,4,18
18,13,3
13,2,3
11,2,13
11,10,2
9,2,10
9,1,2
9,0,1
8,0,9
8,9,12
8,12,7
7,12,11
6,7,11
11,13,6
6,13,14
14,5,6
15,5,14
15,17,5
16,17,15
18,5,17
4,5,18
-203.33333333333334,403.3333333333333
4
141
207
113
139
0,10
#1d2630,#983e68
4
-122,987
-172,990
-172,1001
-128,1003
4
-122,987
-172,990
-172,1001
-128,1003
0
2
3,2,1
0,3,1
-148.5,995.25
70
100
99
208
122
209
120
119
118
210
117
116
115
114
211
111
112
110
109
212
105
213
101
161
161
162
162
163
163
164
164
165
165
166
166
167
167
168
168
177
177
178
178
179
179
180
180
181
181
182
182
183
183
184
184
234
235
236
237
238
239
240
241
242
243
244
245
246
247
248
249
0,10
#1d2630,#983e68
22
-37,850
-74,851
-120,857
-148,858
-193,858
-223,858
-224,992
-189,989
-172,990
-122,987
-60,986
-59,1028
462,1029
466,957
466,901
439,730
360,698
341,698
280,689
80,689
30,695
-40,693
54
-37,850
-74,851
-120,857
-148,858
-193,858
-223,858
-224,992
-189,989
-172,990
-122,987
-60,986
-59,1028
462,1029
466,957
466,901
439,730
360,698
341,698
280,689
80,689
30,695
-40,693
-35,929
-36,890
-75,898
-77,935
114,980
107,923
51,935
51,981
171,973
238,966
228,913
172,920
295,965
352,965
348,913
293,918
325,778
324,745
267,754
266,794
199,748
122,746
124,794
199,794
367,860
403,860
405,809
366,818
358,784
391,784
391,748
355,746
8
4
-35,929
-36,890
-75,898
-77,935
4
114,980
107,923
51,935
51,981
4
171,973
238,966
228,913
172,920
4
295,965
352,965
348,913
293,918
4
325,778
324,745
267,754
266,794
4
199,748
122,746
124,794
199,794
4
367,860
403,860
405,809
366,818
4
358,784
391,784
391,748
355,746
68
7,6,5
7,5,4
8,7,4
3,8,4
9,8,3
25,9,3
9,25,10
10,25,22
10,22,29
11,10,29
11,29,26
12,11,26
26,30,12
26,27,30
30,27,33
33,27,44
33,44,45
33,45,32
32,45,41
37,32,41
31,32,37
31,37,34
31,34,12
30,31,12
34,35,12
12,35,13
13,35,36
13,36,14
36,47,14
47,36,46
46,36,37
46,37,41
46,41,49
49,41,38
49,38,50
49,50,51
49,51,48
48,51,15
48,15,14
47,48,14
51,52,15
15,52,16
52,53,16
53,17,16
39,17,53
39,18,17
40,18,39
40,42,18
45,42,40
41,45,40
18,42,19
42,43,19
20,19,43
43,44,20
20,44,0
0,21,20
0,44,28
28,23,0
28,22,23
22,28,29
1,0,23
24,1,23
24,2,1
25,2,24
25,3,2
28,44,27
38,39,53
38,53,50
57.40909090909091,858.3181818181819
4
45
214
202
215
0,10
#1d2630,#983e68
4
128,385
118,331
175,325
180,383
4
128,385
118,331
175,325
180,383
0
2
0,1,2
3,0,2
150.25,356
4
252
250
253
251
0,10
#1d2630,#983e68
4
490,959
466,957
466,901
488,903
4
490,959
466,957
466,901
488,903
0
2
1,3,0
1,2,3
477.5,930
16
5,spawn
681,431
13,trgt
10
5
3.7
696,224
5,spawn
681,431
13,trgt
10
5
3.7
696,224
6,btn
12
439,332
6,btn
13
337,483
1,e
242,342
1,g
236,402
13,trgt
14
5
3.7
206,324
1,e
96,532
6,btn
29
-32,464
1,e
-224,296
13,trgt
22
7
3.7
-171,360
6,btn
20
351,707
6,btn
30
-178,984
13,trgt
32
4
3.7
-176,677
